# phase correction for freq sets S1,S2,S3,S4

# no correction
dP_S0 = [ 0.0                 ,  0.0 ;
          0.0                 ,  0.0 ;
          0.0                 ,  0.0 ];

# Correction for S1
dP_S1 = [ 0.24428265          , -0.0748862184955752  ;
          0.22092883035398225 , -0.12159385778761067 ;
          0.19757501070796457 , -0.16830149707964603 ];

# Correction for S2
dP_S2 = [ 0.15865197796460173 , -0.2461475625663717  ;
          0.12751355176991147 , -0.30842441495575224 ;
          0.10415973212389379 , -0.3551320542477876  ];

# Correction for S3
dP_S3 = [ 0.08859051902654869 , -0.3862704804424778  ;
          0.06523669938053095 , -0.4329781197345133  ;
          0.04188287973451321 , -0.47968575902654875 ];

# Correction for S4
dP_S4 = [ 0.010744453539823007 , -0.5419626114159292 ;
         -0.012609366106194675, -0.5886702507079645  ;
         -0.03596318575221236 ,  -0.6353778899999999 ];
